  0.000000000000000E+000  0.000000000000000E+000  0.000000000000000E+000
  0.000000000000000E+000   10.0000000000000       0.000000000000000E+000
  0.000000000000000E+000  0.000000000000000E+000  0.000000000000000E+000
  0.000000000000000E+000  0.000000000000000E+000  0.000000000000000E+000
  0.000000000000000E+000  0.000000000000000E+000  0.000000000000000E+000
  0.000000000000000E+000  0.000000000000000E+000  0.000000000000000E+000
  0.000000000000000E+000  0.000000000000000E+000
  0.000000000000000E+000  0.000000000000000E+000  0.000000000000000E+000
  -2.50000000000000        10.0000000000000        2.50000000000000     
  0.000000000000000E+000  0.000000000000000E+000  0.000000000000000E+000
  0.000000000000000E+000  0.000000000000000E+000  0.000000000000000E+000
  0.000000000000000E+000  0.000000000000000E+000  0.000000000000000E+000
  0.000000000000000E+000  0.000000000000000E+000  0.000000000000000E+000
  0.000000000000000E+000  0.000000000000000E+000
  0.000000000000000E+000  0.000000000000000E+000  0.625000000000000     
  -5.00000000000000        8.75000000000000        5.00000000000000     
  0.625000000000000       0.000000000000000E+000  0.000000000000000E+000
  0.000000000000000E+000  0.000000000000000E+000  0.000000000000000E+000
  0.000000000000000E+000  0.000000000000000E+000  0.000000000000000E+000
  0.000000000000000E+000  0.000000000000000E+000  0.000000000000000E+000
  0.000000000000000E+000  0.000000000000000E+000
  0.000000000000000E+000 -0.156250000000000        1.87500000000000     
  -7.03125000000000        6.25000000000000        7.03125000000000     
   1.87500000000000       0.156250000000000       0.000000000000000E+000
  0.000000000000000E+000  0.000000000000000E+000  0.000000000000000E+000
  0.000000000000000E+000  0.000000000000000E+000  0.000000000000000E+000
  0.000000000000000E+000  0.000000000000000E+000  0.000000000000000E+000
  0.000000000000000E+000  0.000000000000000E+000
  3.906250000000000E-002 -0.625000000000000        3.59375000000000     
  -8.12500000000000        2.73437500000000        8.12500000000000     
   3.59375000000000       0.625000000000000       3.906250000000000E-002
  0.000000000000000E+000  0.000000000000000E+000  0.000000000000000E+000
  0.000000000000000E+000  0.000000000000000E+000  0.000000000000000E+000
  0.000000000000000E+000  0.000000000000000E+000  0.000000000000000E+000
  0.000000000000000E+000  0.000000000000000E+000
  0.185546875000000       -1.51367187500000        5.46875000000000     
  -7.91015625000000       -1.32812500000000        7.91015625000000     
   5.46875000000000        1.51367187500000       0.195312500000000     
  9.765625000000000E-003  0.000000000000000E+000  0.000000000000000E+000
  0.000000000000000E+000  0.000000000000000E+000  0.000000000000000E+000
  0.000000000000000E+000  0.000000000000000E+000  0.000000000000000E+000
  0.000000000000000E+000  0.000000000000000E+000
  0.517578125000000       -2.83447265625000        7.06787109375000     
  -6.21093750000000       -5.28320312500000        6.21093750000000     
   7.06787109375000        2.83203125000000       0.571289062500000     
  5.859375000000000E-002  2.441406250000000E-003  0.000000000000000E+000
  0.000000000000000E+000  0.000000000000000E+000  0.000000000000000E+000
  0.000000000000000E+000  0.000000000000000E+000  0.000000000000000E+000
  0.000000000000000E+000  0.000000000000000E+000
   1.09680175781250       -4.47204589843750        7.91198730468750     
  -3.12316894531250       -8.38867187500000        3.12316894531250     
   7.91259765625000        4.45617675781250        1.26464843750000     
  0.200805664062500       1.708984375000000E-002  6.103515625000000E-004
  0.000000000000000E+000  0.000000000000000E+000  0.000000000000000E+000
  0.000000000000000E+000  0.000000000000000E+000  0.000000000000000E+000
  0.000000000000000E+000  0.000000000000000E+000
   1.94061279296875       -6.17584228515625        7.57476806640625     
  0.951995849609375       -9.95025634765625      -0.952148437500000     
   7.57934570312500        6.11816406250000        2.32849121093750     
  0.512695312500000       6.713867187500000E-002  4.882812500000000E-003
  1.525878906250000E-004  0.000000000000000E+000  0.000000000000000E+000
  0.000000000000000E+000  0.000000000000000E+000  0.000000000000000E+000
  0.000000000000000E+000  0.000000000000000E+000
   2.99942016601562       -7.58438110351562        5.79280853271484     
   5.33325195312500       -9.47422027587891       -5.33454895019531     
   5.81176757812500        7.43087768554688        3.72985839843750     
   1.07803344726562       0.194091796875000       2.162933349609375E-002
  1.373291015625000E-003  3.814697265625000E-005  0.000000000000000E+000
  0.000000000000000E+000  0.000000000000000E+000  0.000000000000000E+000
  0.000000000000000E+000  0.000000000000000E+000
   4.14566040039062       -8.28272819519043        2.56340026855469     
   9.15000915527344       -6.80727005004883       -9.15604591369629     
   2.62041091918945        7.95135498046875        5.31806945800781     
   1.96197509765625       0.458192825317383       6.980895996093750E-002
  6.771087646484375E-003  3.814697265625000E-004  9.536743164062500E-006
  0.000000000000000E+000  0.000000000000000E+000  0.000000000000000E+000
  0.000000000000000E+000  0.000000000000000E+000
   5.17992734909058       -7.88716316223145       -1.79478406906128     
   11.4926767349243       -2.23075628280640       -11.5129661560059     
  -1.65643930435181        7.27694034576416        6.81541442871094     
   3.17694425582886       0.931234359741211       0.182664394378662     
  2.412796020507812E-002  2.071857452392578E-003  1.049041748046875E-004
  2.384185791015625E-006  0.000000000000000E+000  0.000000000000000E+000
  0.000000000000000E+000  0.000000000000000E+000
   5.85673630237579       -6.14348530769348       -6.63974404335022     
   11.6016697883606        3.52065443992615       -11.6565454006195     
  -6.35391592979431        5.15897691249847        7.84041345119476     
   4.64798927307129        1.67980432510376       0.409440994262695     
  6.927609443664551E-002  8.077621459960938E-003  6.222724914550781E-004
  2.861022949218750E-005  5.960464477539062E-007  0.000000000000000E+000
  0.000000000000000E+000  0.000000000000000E+000
   5.92842355370522       -3.01936522126198       -11.0760328173637     
   9.06157016754150        9.33520823717117       -9.18790280818939     
  -10.5577965080738        1.61039456725121        7.96816036105156     
   6.18814155459404        2.73944139480591       0.812073051929474     
  0.169616937637329       2.524107694625854E-002  2.634525299072266E-003
  1.840293407440186E-004  7.748603820800781E-006  1.490116119384766E-007
  0.000000000000000E+000  0.000000000000000E+000
   5.20115897059441        1.23174887150526       -14.0962666645646     
   3.95875990390778        13.8975764811039       -4.21465162187815     
  -13.2573708519340       -3.02109465003014        6.82372361421585     
   7.49532129615545        4.08345852047205        1.45452916622162     
  0.366324931383133       6.698668003082275E-002  8.898787200450897E-003
  8.407235145568848E-004  5.371868610382080E-005  2.086162567138672E-006
  3.725290298461914E-008  0.000000000000000E+000
   3.59293201006949        6.05610528029501       -14.7780194226652     
  -3.03970088250935        15.9409293625504        2.57408521138132     
  -13.5557600948960       -8.04136826656759        4.19461962766945     
   8.18038756959140        5.59365655295551        2.38381256349385     
  0.713210552930832       0.156343216076493       2.543527632951736E-002
  3.051990643143654E-003  2.633780241012573E-004  1.550652086734772E-005
  5.587935447692871E-007  9.313225746154785E-009
   1.18067268747836        10.6488431384787       -12.5040678819641     
  -10.7194380788133        14.5374828390777        9.94825757574290     
  -10.9018967254087       -12.4789631972089       0.139180668629706     
   7.83062833826989        7.04280030447990        3.60392406350002     
   1.27007788978517       0.328287035226822       6.375808268785477E-002
  9.344965219497681E-003  1.022499054670334E-003  8.121132850646973E-005
  4.433095455169678E-006  1.513399183750153E-007
  -1.77670626901090        14.0700282808393       -7.16199757764116     
  -17.4798257590737        9.37055892543867        16.3081024668645     
  -5.29509153217077       -15.2392325457186       -4.93821721524000     
   6.10472342930734        8.09947637317237        5.04710466717370     
   2.08898714685347       0.629866987001151       0.143493600189686     
  2.502886112779379E-002  3.338437527418137E-003  3.357278183102608E-004
  2.469809260219336E-005  1.297448761761189E-006
  -4.85003677196801        15.4163511079969       0.725465932337101     
  -21.6129648848437       0.923576868954115        19.9745150812669     
   2.59174222097499       -15.3284511249512       -10.2742062089965     
   2.84530003220425        8.36388106370578        6.54972697375342     
   3.19329656689661        1.11624037366710       0.294703131658025     
  6.006765179336071E-002  9.511720854789019E-003  1.164162677014247E-003
  1.083056849893183E-004  7.796334102749825E-006
  -7.49161535597523        14.0224754319206        9.98279493054724     
  -21.6624926189979       -9.47329312257352        19.5574737432617     
   11.4174837725295       -12.1119640174584       -14.8176439982853     
  -1.81422178597131        7.43777432831848        7.84237309795571     
   4.55166821691819        1.84088873247674       0.558746312126459     
  0.131365504494170       2.423759313387563E-002  3.515016469464172E-003
  3.973972707171924E-004  3.682183887576684E-005
  -9.12433037496157        9.65387286028999        18.9040369432769     
  -16.7984706057177       -19.7782847131384        14.3347795194859     
   19.3348432127095       -5.55318207475466       -17.3920795561571     
  -7.37807636762227        5.02362560733673        8.56389962580579     
   6.05203930828793        2.83911920867467       0.986127119122102     
  0.264992684242316       5.620021514005202E-002  9.475065435253782E-003
  1.266945928364294E-003  1.453766162740067E-004
  -9.25671599629368        2.64678103073038        25.5171228097788     
  -7.12789019161391       -27.5615972444393        4.55649753802390     
   24.3068336112697        3.62854861746200       -16.9358559829402     
  -12.9820026584957        1.03813160897971        8.30679620056799     
   7.48323441257071        4.10559725596613        1.62965875023019     
  0.497474410237828       0.120079619841817       2.320838273817571E-002
  3.599368133109238E-003  4.984572524335817E-004
  -7.60423225490285       -6.04667867078774        27.9607906153649     
   6.14178982194062       -30.4826941768488       -8.41061017590334     
   24.5388208414101        13.9392210160145       -12.7832181639508     
  -17.4754995564757       -4.28406810578622        6.69552049967024     
   8.53353414872117        5.56899117155126        2.53168946166227     
  0.874869192834922       0.238646126716731       5.232844566535277E-002
  9.276849504544771E-003  1.522913598819287E-003
  -4.19150452348021       -14.9379343883547        24.9136734921828     
   20.7526610199940       -26.8445941773878       -22.1659889304681     
   18.9513630434307        23.2697307673547       -4.92953802082823     
  -19.6002870710169       -10.3268231198227        3.49111993604339     
   8.81516648075092        7.06945234331599        3.70521995634135     
   1.44813002657131       0.444281313509123       0.109670764968399     
  2.197823252117814E-002  4.222854374660301E-003
  0.590855204478515       -22.2142288922704        15.9910246400956     
   33.6922279373867       -16.1149316897723       -33.6149782356727     
   7.59243311897499        29.2399560334194        5.78796643876465     
  -18.2509657962682       -16.0996748715878       -1.29437746410002     
   7.92058337893277        8.34693897441838        5.11055053552752     
   2.26336468727936       0.778896128909849       0.215246535215385     
  4.834021016961287E-002  1.077312609861991E-002
   5.99669862642649       -26.0642712511747        2.01441043268134     
   41.7187170198537       0.711869853492580       -39.5418194378595     
  -8.12130044829804        29.6910727034720        17.6606968961866     
  -12.7790554686801       -20.3388219546298       -7.29944202673015     
   5.51025426930317        9.04944718526969        6.63144410731228     
   3.34627828893378        1.29092566692584       0.397885514900445     
  9.945856244880424E-002  2.555146016567811E-002
   11.0135917826135       -25.0686992027384       -14.9313366350758     
   42.0443521646508        21.0270039679209       -37.3335268624119     
  -25.4295234836309        23.2455733673509        28.2782289392246     
  -3.27917575597603       -21.7087253151173       -13.7617110827134     
   1.42303196630321        8.76914972576741        8.05723633139625     
   4.68140789903039        2.02802386043418       0.695752291019704     
  0.192542076132496       5.680396581929870E-002
   14.5273686376448       -18.5824670983161       -31.7095994769231     
   33.0547670139017        40.8714737246865       -25.7193949995239     
  -40.5742985410716        9.81863526163698        34.9094162200563     
   9.21756280760945       -19.0880914834330       -19.5446504030685     
  -4.20968323581699        7.11059863449415        9.07917178808051     
   6.18871101677091        3.02443776243685        1.15462273709513     
  0.352279157432597       0.119140476307247     
   15.5411432528126       -7.02322506967413       -44.6189080049775     
   14.9094987134993        55.5650142280429       -5.35795193308438     
  -49.4588061063618       -9.05229342864500        35.0596843335632     
   22.7169397334818       -11.8975381807635       -23.2642524649725     
  -10.8734954952077        3.78838487851978        9.30964369251132     
   7.70239452318182        4.28295983235579        1.82266238834619     
  0.611149722629567       0.236995384742208     
   13.4116637070280        8.01678774477340       -50.1020889507709     
  -10.1364818447558        60.6318768896889        20.8980031505168     
  -48.5352207324717       -30.1819160386263        27.1173760430315     
   34.4562453620635      -0.402240131149902       -23.5202631363615     
  -17.6366548310807       -1.25739991840997        8.33114128134581     
   8.95906548822071        5.75289286606470        2.74061491577775     
   1.00756647353056       0.449031661585152     
   8.05455084407763        23.8952259092231       -45.5637715533886     
  -37.8199733048708        52.8732556408707        48.1897775560569     
  -35.7652409351859       -49.0950652325021        10.9578356928591     
   41.3361494056088        14.0918869934563       -19.2116594613788     
  -23.2023706355686       -7.74934894651661        5.77702492968814     
   9.60362759204098        7.30750550917544        3.92694651391128     
   1.58046228707871       0.813181195364081     
  6.710665575244690E-002   37.2998065085897       -30.1349717498651     
  -62.4292301034356        31.3708179256388        70.3494017000711     
  -11.4440302380461       -60.7758343895133       -11.6499679666686     
   40.5526365804595        29.2288392102032       -9.88809505412253     
  -26.0679482642842       -14.9941978378308        1.43878079504874     
   9.22100744716916        8.72667577870787        5.35870731943546     
   2.35890361671551        1.41159206597478     
  -9.27462163533308        44.8503261099940       -5.20271259685879     
  -77.8056775223115       -1.82384002523789        81.0531137409923     
   21.3372787843499       -60.7243499573577       -36.9820857091618     
   30.3329347862415        41.8390221188487        3.93610181449931     
  -24.7914225683571       -21.8708801026640       -4.61502052620125     
   7.39903370125437        9.69225081064129        6.95065035993355     
   3.34568243008068        2.35421598664735     
  -18.1685477539983        43.8323488503755        25.4612883112176     
  -78.6503956652168       -41.5385378410638        75.2628340385954     
   56.7816447089374       -46.1445088339797       -59.7464068950616     
   10.6276578292389        48.4382303617843        20.5937129863008     
  -18.3396770890663       -26.9149806132030       -11.9324989771808     
   3.82221586704374        9.80434664597150        8.53729245507371     
   4.49479102340223        3.77919059082936     
  -24.5844980280926        32.9248898340715        56.0819744401157     
  -61.9004391271464       -80.0168452670169        50.6827884010950     
   87.1334804270812       -17.0124959329800       -73.9394485608663     
  -16.4185014849726        45.9467165725188        37.2881898490134     
  -6.46250368919032       -28.5167751411743       -19.6167980972425     
  -1.61199553874435        8.62557749896400        9.86468136071602     
   5.68431648946332        5.84768599438726     
  -26.6695959795873        12.7582717170194        79.7883066804201     
  -27.8757342003633       -108.162652149077        8.89520697757050     
   104.057301510600        23.2557363140069       -74.0879471728681     
  -46.3900427683189        32.5200437390223        50.3904949144407     
   9.98873755835661       -25.2282015391613       -26.3429929978500     
  -8.67258943779598        5.75640827409891        10.5999966130912     
   6.68856533104551        8.73068661534990     
  -23.1917649139453       -13.8562039479824        89.9468081597658     
   19.1120055070111       -117.355387443561       -44.1597814373488     
   100.467169176491        67.7920484848739       -56.6765024022867     
  -73.0420404962915        8.32490931833244        56.0233214596071     
   28.8934116717571       -16.1452689001096       -30.4818960231914     
  -16.6974397557832       0.938261761377119        10.3669573488545     
   7.15589283048083        12.5854996019488     
  -13.9297726984634       -42.1408472164102        81.7047557960174     
   70.9375544078427       -101.537440707471       -98.6154205923617     
   72.4792116959352        107.077966379568       -21.4679801569953     
  -89.2923934264463       -23.9414311706422        50.8811958712510     
   46.9355592616863       -1.30144197637251       -30.3438533092730     
  -24.5524792019253       -5.82783751478232        8.81254958157862     
   6.60125726720728        17.5208477100561     
  8.788228025500722E-002  -66.0494793400304        53.4351553899542     
   116.748103533715       -59.1491969574196       -142.119583693213     
   21.0558649529527        130.564764342801        27.6246097945083     
  -88.6740306730346       -58.9848284950665        33.1619482631688     
   59.9812187235922        18.0184111663673       -24.5310940028847     
  -30.6814831505480       -14.1690947106583        5.70527588608122     
   4.42418273508790        23.5513739543720     
   16.5782815451989       -79.3862976174552        7.73575967151790     
   144.894191620558        5.56772484931237       -162.170849170806     
  -47.1152220560508        128.922578132412        82.4343085484672     
  -67.0216711006408       -89.4438232291174        3.42043645850416     
   63.7671029977925        39.1464893479865       -12.3561204236559     
  -33.2719829736046       -23.2657844698156        1.05695652464467     
 -3.734178198479654E-002   30.5452631267370     
