   293.000000000000        292.000000000000        291.000000000000     
   290.000000000000        289.000000000000        288.000000000000     
   287.000000000000        286.000000000000        285.000000000000     
   284.000000000000        283.000000000000        282.000000000000     
   281.000000000000        280.000000000000        279.000000000000     
   278.000000000000        277.000000000000        276.000000000000     
   275.000000000000        274.000000000000     
   146.750000000000        292.500000000000        291.500000000000     
   290.500000000000        289.500000000000        288.500000000000     
   287.500000000000        286.500000000000        285.500000000000     
   284.500000000000        283.500000000000        282.500000000000     
   281.500000000000        280.500000000000        279.500000000000     
   278.500000000000        277.500000000000        276.500000000000     
   275.500000000000        411.250000000000     
   36.9375000000000        256.312500000000        292.000000000000     
   291.000000000000        290.000000000000        289.000000000000     
   288.000000000000        287.000000000000        286.000000000000     
   285.000000000000        284.000000000000        283.000000000000     
   282.000000000000        281.000000000000        280.000000000000     
   279.000000000000        278.000000000000        277.000000000000     
   241.812500000000        582.937500000000     
  -36.3750000000000        192.546875000000        283.328125000000     
   291.500000000000        290.500000000000        289.500000000000     
   288.500000000000        287.500000000000        286.500000000000     
   285.500000000000        284.500000000000        283.500000000000     
   282.500000000000        281.500000000000        280.500000000000     
   279.500000000000        278.500000000000        286.046875000000     
   165.328125000000        789.125000000000     
  -75.4179687500000        112.621093750000        258.589843750000     
   289.707031250000        291.000000000000        290.000000000000     
   289.000000000000        288.000000000000        287.000000000000     
   286.000000000000        285.000000000000        284.000000000000     
   283.000000000000        282.000000000000        281.000000000000     
   280.000000000000        276.863281250000        314.339843750000     
   39.5585937500000        1027.73828125000     
  -84.7187500000000        29.1191406250000        214.318359375000     
   281.604492187500        290.926757812500        290.500000000000     
   289.500000000000        288.500000000000        287.500000000000     
   286.500000000000        285.500000000000        284.500000000000     
   283.500000000000        282.500000000000        281.500000000000     
   281.034179687500        268.278320312500        373.666015625000     
  -138.791015625000        1294.56250000000     
  -70.8188476562500       -45.6401367187500        151.197021484375     
   262.452392578125        288.702880859375        290.856689453125     
   290.000000000000        289.000000000000        288.000000000000     
   287.000000000000        286.000000000000        285.000000000000     
   284.000000000000        283.000000000000        281.866455078125     
   284.339599609375        245.120361328125        475.433349609375     
  -369.015136718750        1583.50537109375     
  -41.7041015625000       -101.144104003906        74.1738891601562     
   228.075927734375        281.601806640625        290.532409667969     
   290.464172363281        289.500000000000        288.500000000000     
   287.500000000000        286.500000000000        285.500000000000     
   284.500000000000        283.533386230469        281.531555175781     
   293.526123046875        197.346923828125        628.967224121094     
  -646.033142089844        1887.12792968750     
  -5.99205017089844       -130.113601684570       -8.13111877441406     
   176.218948364258        265.987686157227        288.316818237305     
   290.722274780273        289.991043090820        289.000000000000     
   288.000000000000        287.000000000000        286.000000000000     
   284.991653442383        284.275497436523        279.033370971680     
   314.572280883789        113.486648559570        839.812240600586     
  -960.573318481445        2197.40162658691     
   28.0343627929688       -129.578834533691       -84.7142562866211     
   107.689247131348        237.963218688965        282.133171081543     
   290.303718566895        290.421611785889        289.497760772705     
   288.500000000000        287.500000000000        286.502086639404     
   285.422779083252        285.765068054199        271.459175109863     
   355.958961486816       -17.8233413696289        1108.32723236084     
  -1299.97066497803        2506.60870361328     
   53.4204807281494       -101.391679763794       -144.031276702881     
   27.0198783874512        194.352237701416        269.048046112061     
   288.231608390808        290.623101234436        289.978163719177     
   288.999440193176        287.999478340149        287.021391868591     
   285.607033729553        289.255969047546        253.910701751709     
   428.279590606689       -205.915409088135        1428.86406326294     
  -1649.54103279114        2808.26821327209     
   65.4132804870605       -52.0287404060364       -176.134166240692     
  -57.5760002136230        133.845195770264        245.578203439713     
   282.837844610214        290.186462402344        290.384078979492     
   289.494111537933        288.493990421295        287.619503021240     
   285.048389434814        297.180052042007        219.154796361923     
   543.236118316650       -456.061527252197        1789.77046918869     
  -1994.39207029343        3097.95000839233     
   62.0671454668045        8.35812127590179       -174.747351288795     
  -135.070840716362        58.0566448569298        208.330041229725     
   271.685779869556        288.299903810024        290.557166695595     
   289.966633677483        288.962642550468        288.480903267860     
   282.658252179623        313.653450310230        157.640779793262     
   712.040199220181       -767.695114970207        2174.35310494900     
  -2321.43695509434        3373.83949291706     
   44.4608287811279        67.5617454648018       -138.890110790730     
  -193.271839752793       -27.7935756295919        154.922757476568     
   251.693314224482        283.582057103515        290.140484228730     
   290.365264713764        289.334075152874        290.057000860572     
   276.365115419030        344.907818406820        58.0440925657749     
   943.374172911048       -1133.27334140241        2562.78856498003     
  -2621.30855208635        3636.94012737274     
   16.4551852196455        113.399480357766       -73.6817144863307     
  -221.045973543078       -114.842224936932        85.0510350130498     
   219.528489317745        273.970264602453        288.444682326168     
   290.566866982728        289.411141116172        293.299240794033     
   262.652411032468        399.488074120134       -91.5724960602820     
   1241.20353140309       -1538.12693941966        2934.79736765102     
  -2889.84644268453        3890.84802119434     
  -16.0084811747074        135.933705284260        9.92964898888022     
  -210.755845930427       -191.366477075964        1.45835644938052     
   172.298681920394        256.741216350347        284.295531731099     
   290.325252285227        288.728047663346        299.988923314959     
   236.105202700943        488.044300893322       -302.001360381022     
   1602.84214224294       -1961.52539848164        3272.72724346723     
  -3128.85910607036        4141.09841582179     
  -45.9897872020956        129.449172743363        96.6020367925521     
  -160.431814414216       -244.420027670916       -89.4579332997091     
   108.477966945153        228.742003897671        275.899522747379     
   289.217123302165        286.312129905913        313.144634555560     
   189.091358306352        622.570941663813       -580.700820718426     
   2017.72315176809       -2378.99667378771        3564.56067036442     
  -3345.95189915900        4394.15824325965     
  -66.8546335874125        93.8012167447014        169.072283581947     
  -75.1762982983491       -262.163497949543       -177.682431953726     
   28.9279826458078        186.886614947114        260.780742896255     
   286.613971512532        280.330252092564        337.449827455450     
   111.734781529289        815.018986420007       -929.488873244496     
   2467.29711503541       -2765.70605343679        3806.29947670724     
  -3553.35129238281        4656.20982928481     
  -73.5912793767347        34.8194874523615        211.316662342710     
   32.6326470845233       -236.536964535699       -250.455302102564     
  -62.2142790794023        128.923424884502        235.848903754901     
   281.726594213455        267.621288106835        379.598695096269     
  -7.65750821185065        1075.32490011345       -1342.55840539835     
   2926.35141008349       -3100.45664385475        4003.21078644374     
  -3765.82888052720        4931.92446351031     
  -63.8983313956414       -36.4074979774996        211.863372434669     
   144.596053804125       -165.764977238927       -294.035973466638     
  -157.058960826169        54.4076291759266        197.648111422663     
   273.783498125471        243.153262886131        448.418394175940     
  -181.589059466147        1409.05012441008       -1805.31503289086     
   3365.82596969759       -3369.67148794481        4169.55384561186     
  -3998.00729979384        5223.44835925609     
  -38.8218740523562       -105.347923935077        166.612484489263     
   239.003141222524       -56.1069704212359       -296.212477569828     
  -244.169861486810       -34.2691388862813        142.804144185277     
   262.407210259604        199.494538873514        554.603974764010     
  -421.746992024681        1814.98161776626       -2294.50899421273     
   3756.91508346108       -3570.60345692338        4326.63779857411     
  -4261.48092820490        5529.80862412165     
  -2.77942455549783       -156.706513570482        80.5247181998625     
   294.683004950149        77.6969342768521       -249.196754803434     
  -309.655696157697       -131.012640304303        68.6350568988053     
   248.234611587544        126.445347747413        709.914357488559     
  -736.841402775243        2283.17211831327       -2779.99236063644     
   4075.93869913874       -3713.03413570164        4499.35716639449     
  -4562.27363459179        5846.89054810083     
   37.0920599759971       -177.532549259322       -32.3226614302953     
   295.389950930902        213.666874215248       -152.358597194797     
  -339.201724782479       -225.585328568428       -26.1767560741566     
   233.782038875393        11.0254112721590        925.736045119222     
  -1130.15584298142        2793.95985777857       -3228.18400584281     
   4309.19914290504       -3818.88875251558        4711.66704111703     
  -4899.15698001837        6168.04477647809     
   72.2021822968284       -160.178868907749       -150.553286477851     
   233.892567019516        325.604011246672       -14.1414474453650     
  -320.895041939072       -303.841570745509       -141.018597935112     
   224.481497038814       -161.963090288798        1211.03135868262     
  -1597.21179614626        3318.46689849391       -3606.99382712442     
   4456.87532957323       -3919.50572706858        4981.73409799273     
  -5263.25141385864        6485.26672559303     
   94.1963539495585       -104.490001714079       -249.071145459667     
   114.853242588385        387.612514862893        147.483315851071     
  -248.470011114035       -348.810681746499       -273.099364881193     
   229.717620127235       -408.600555699749        1569.84353514698     
  -2124.07068109908        3820.91240623846       -3891.59593489425     
   4535.00330455927       -4050.72041917345        5317.67051969025     
  -5639.13457075871        6790.77055352662     
   96.7697658906887       -18.6731268617726       -303.906956535283     
  -44.3176724922551        379.454996547221        306.503947345303     
  -124.396511714643       -342.653343304710       -417.731440349626     
   263.592917831874       -743.632034454686        1998.71106649681     
  -2686.83789887195        4262.79371968725       -4070.11865947446     
   4574.78442562907       -4246.38722295620        5714.77405758656     
  -6007.40957921781        7078.67954921860     
   77.2456061334596        81.4960537447204       -297.495820127663     
  -215.158160762881        291.749591587832        432.466824410769     
   37.8928109478603       -269.319611145964       -569.293005633772     
   345.068066358139       -1177.41157162092        2484.51253260113     
  -3252.85856216956        4608.61390983788       -4148.11633595991     
   4618.85156649950       -4531.38463094557        6155.02964665196     
  -6348.38595212582        7346.49704171880     
   37.5601911639146        175.181410310001       -223.332266500762     
  -362.469513691755        129.843345294419        495.931019570762     
   213.339419837044       -117.523157000556       -722.889925009798     
   497.097707854927       -1712.27268818167        3003.37428023829     
  -3783.88390647874        4832.42835328546       -4150.67575012532     
   4714.66864024592       -4915.42915098368        6609.27997694702     
  -6646.25280089253        7596.02481411705     
  -15.6252092045643        240.404524726170       -88.9195355003235     
  -450.763416640550       -84.7567880212101        475.057000935106     
   366.702963979873        116.534179211154       -876.545141223669     
   744.443398647894       -2338.84183127751        3521.27708481256     
  -4241.14742474054        4924.12631419711       -4121.23582186543     
   4905.85699046051       -5389.08198515896        7041.98588942424     
  -6892.93901018503        7833.46781742318     
  -71.8200380849658        258.728106300110        83.8724498413567     
  -451.804103510329       -316.211892415124        362.192062934835     
   456.333669410861        427.346205512040       -1033.52244608285     
   1110.01757116135       -3033.05025281868        3996.85348317832     
  -4591.85973208668        4894.14841347833       -4116.66849093128     
   5222.81853128389       -5923.11420989989        7417.95014568075     
  -7090.80949218477        8068.60001923272     
  -118.547055138752        219.804984318530        261.505502293966     
  -351.783017946208       -519.710934026415        169.055672478339     
   440.045133766560        799.810234385468       -1204.19028749518     
   1609.89952284531       -3754.75923082292        4386.55585299532     
  -4816.18346466168        4775.35060318948       -4198.83602038267     
   5674.42996102605       -6471.89711349911        7709.87396625197     
  -7253.47196057276        8313.04765099470     
  -143.861537433696        124.791844960350        404.402502860151     
  -156.478908866113       -649.920606632552       -70.8833444699049     
   282.356493289777        1210.86908970090       -1406.71260961014     
   2247.54175867724       -4448.92331336042        4651.91191145501     
  -4913.38215221022        4621.01374211973       -4423.60585984181     
   6242.69523430515       -6980.75811480559        7905.26767802039     
  -7404.26538175844        8577.94157360019     
  -139.094114315360       -12.2741651131118        474.720191316767     
   107.101868507063       -671.319497731604       -303.952619450487     
  -38.0816152529248        1633.13636542588       -1665.88077685423     
   3008.09443461481       -5050.01585155486        4768.02662116746     
  -4905.65760987640        4498.56966902763       -4829.02623288817     
   6881.98329804610       -7396.40122573440        8011.14449475860     
  -7572.43385565339        8871.36062156063     
  -101.252044458242       -165.727741521143        444.876182911723     
   393.611790769155       -568.555875742216       -462.262090070157     
  -522.353861472017        2040.08615582621       -2009.62029415146     
   3854.12820328997       -5489.99889819302        4731.93706074784     
  -4838.29337184144        4479.41182478057       -5424.87964014279     
   7523.82704625765       -7678.69152491252        8055.15265223835     
  -7787.48788735390        9196.09231303744     
  -34.5070979633955       -302.259798363635        305.041299839148     
   646.969805432640       -354.587405532388       -473.812593637707     
  -1147.94092294611        2411.90276399607       -2463.13080601740     
   4724.22285430036       -5709.45111255749        4569.01067915995     
  -4775.16206284963        4626.05839185590       -6185.98344551206     
   8087.28001745009       -7811.52292640770        8082.35174284869     
  -8072.72280255367        9548.24341945832     
   49.6846261183620       -387.146897814271        67.7338988900797     
   811.876981775524       -74.3918057648017       -275.474214284277     
  -1869.36976235455        2740.70023476389       -3041.21082859347     
   5535.80293093538       -5670.64806877239        4335.43841673298     
  -4789.42399102361        4978.76373752151       -7051.28885191060     
   8493.66488767400       -7810.29085775735        8147.65171188519     
  -8439.19572170608        9917.12357368448     
   134.050194042339       -391.659216007200       -232.022071007369     
   847.408407939245        197.445993250148        173.270274863161     
  -2623.41337461659        3033.66050132362       -3739.98650263634     
   6193.16224098011       -5370.55694022179        4115.13239729579     
  -4950.25532122075        5544.22995274326       -7930.01413944872     
   8683.41538913568       -7723.78756381014        8304.87792787237     
  -8881.56368715590        10286.6055366791     
   198.452449533554       -300.141149744773       -541.788976993980     
   740.041391874865        365.980526519169        878.485116829847     
  -3338.51093123171        3312.80378332856       -4529.86193755047     
   6600.80485037647       -4851.04947930071        4010.05699254553     
  -5307.52971008261        6289.16965730026       -8714.81049854683     
   8631.85874522604       -7629.15319849431        8594.32195870881     
  -9376.99558935758        10637.8659990599     
   223.874624586359       -115.080793112889       -801.834612398890     
   513.099015996578        331.369595280424        1804.60798126757     
  -3947.09059785639        3610.64153490825       -5351.86220431244     
   6681.10173581403       -4203.36251484297        4124.17705024101     
  -5877.30787627129        7140.98985441631       -9300.48277052827     
   8360.44442021291       -7619.76900186501        9031.28255642462     
  -9887.88159944534        10953.0836014854     
   196.676166717992        141.346516133423       -958.879564676257     
   229.797964076749        8.49235396267670        2874.22302955177     
  -4398.59898626656        3961.83443652226       -6119.47725453889     
   6393.97681344666       -3564.13134344972        4542.66339059809     
  -6631.51107731512        7996.78357798055       -9605.34641197742     
   7940.26597804709       -7787.47853591794        9598.31070581971     
  -10368.3318607106        11219.3841019955     
