  1.497076006101098E-017
  1.641511198658977E-017
  1.799881238054432E-017
  1.973530533173887E-017
  2.163933199048001E-017
  2.372705570666505E-017
  2.601619924103295E-017
  2.852619521430951E-017
  3.127835107141445E-017
  3.429602996111778E-017
  3.760484906663905E-017
  4.123289707082512E-017
  4.521097260197595E-017
  4.957284568449356E-017
  5.435554441381798E-017
  5.959966928924391E-017
  6.534973787300057E-017
  7.165456270141764E-017
  7.856766565627915E-017
  8.614773231397785E-017
  9.445911012945641E-017
  1.035723546840368E-016
  1.135648286342548E-016
  1.245213584461977E-016
  1.365349544903858E-016
  1.497076006101101E-016
  1.641511198658979E-016
  1.799881238054435E-016
  1.973530533173890E-016
  2.163933199048005E-016
  2.372705570666509E-016
  2.601619924103300E-016
  2.852619521430956E-016
  3.127835107141451E-016
  3.429602996111784E-016
  3.760484906663913E-016
  4.123289707082522E-016
  4.521097260197604E-016
  4.957284568449365E-016
  5.435554441381807E-016
  5.959966928924402E-016
  6.534973787300067E-016
  7.165456270141775E-016
  7.856766565627930E-016
  8.614773231397799E-016
  9.445911012945659E-016
  1.035723546840370E-015
  1.135648286342551E-015
  1.245213584461979E-015
  1.365349544903861E-015
  1.497076006101104E-015
  1.641511198658983E-015
  1.799881238054439E-015
  1.973530533173893E-015
  2.163933199048009E-015
  2.372705570666513E-015
  2.601619924103304E-015
  2.852619521430961E-015
  3.127835107141456E-015
  3.429602996111791E-015
  3.760484906663919E-015
  4.123289707082527E-015
  4.521097260197612E-015
  4.957284568449374E-015
  5.435554441381817E-015
  5.959966928924414E-015
  6.534973787300080E-015
  7.165456270141788E-015
  7.856766565627944E-015
  8.614773231397815E-015
  9.445911012945674E-015
  1.035723546840372E-014
  1.135648286342553E-014
  1.245213584461982E-014
  1.365349544903863E-014
  1.497076006101106E-014
  1.641511198658985E-014
  1.799881238054442E-014
  1.973530533173897E-014
  2.163933199048013E-014
  2.372705570666517E-014
  2.601619924103309E-014
  2.852619521430966E-014
  3.127835107141462E-014
  3.429602996111796E-014
  3.760484906663925E-014
  4.123289707082535E-014
  4.521097260197620E-014
  4.957284568449382E-014
  5.435554441381826E-014
  5.959966928924423E-014
  6.534973787300091E-014
  7.165456270141802E-014
  7.856766565627959E-014
  8.614773231397830E-014
  9.445911012945690E-014
  1.035723546840374E-013
  1.135648286342555E-013
  1.245213584461984E-013
  1.365349544903866E-013
