  1.497078517218291E-017
  1.641514828327382E-017
  1.799886484521166E-017
  1.973538116625120E-017
  2.163944160469433E-017
  2.372721414740221E-017
  2.601642825756567E-017
  2.852652624390078E-017
  3.127882955473343E-017
  3.429672157991357E-017
  3.760584875992223E-017
  4.123434206721503E-017
  4.521306125717361E-017
  4.957586470971386E-017
  5.435990823284834E-017
  5.960597692670151E-017
  6.535885518288141E-017
  7.166774122351098E-017
  7.858671441595478E-017
  8.617526614843032E-017
  9.449890862833253E-017
  1.036298810164922E-016
  1.136479794822122E-016
  1.246415479877010E-016
  1.367083313802956E-016
  1.499578868514989E-016
  1.645123207558311E-016
  1.805092991248839E-016
  1.981049338770488E-016
  2.174777664820297E-016
  2.388340322005125E-016
  2.624146665533335E-016
  2.885046744159680E-016
  3.174456891158224E-016
  3.496528165246190E-016
  3.856372026714405E-016
  4.260362020197857E-016
  4.716535818556789E-016
  5.235129086529922E-016
  5.829281686387682E-016
  6.515968374109748E-016
  7.317221163086727E-016
  8.261730133660666E-016
  9.386935266688169E-016
  1.074175611594745E-015
  1.239015185482009E-015
  1.441576553512724E-015
  1.692798872203430E-015
  2.006989315321394E-015
  2.402862394209014E-015
  2.904904585910421E-015
  3.545169506141266E-015
  4.365643113064923E-015
  5.421362917622242E-015
  6.784532156030026E-015
  8.549941467745554E-015
  1.084209816194490E-014
  1.382456599662230E-014
  1.771213171493474E-014
  2.278652570907652E-014
  2.941650664417494E-014
  3.808312427965383E-014
  4.941081551593287E-014
  6.420452640870478E-014
  8.349207318886782E-014
  1.085691498958138E-013
  1.410413523668895E-013
  1.828528491028676E-013
  2.358990489114972E-013
  3.022352708113537E-013
  3.863789105322412E-013
  4.931956334424608E-013
  6.287742672801400E-013
  8.006389421506151E-013
  1.017955620822690E-012
  1.291712821346990E-012
  1.634853246360173E-012
  2.062335199889091E-012
  2.591113959501856E-012
  3.240057869255902E-012
  4.029855387397478E-012
  4.983029518114661E-012
  6.124254610245878E-012
  7.481265927085427E-012
  9.086766079144617E-012
  1.098187684354043E-011
  1.322189732836559E-011
  1.588549365406716E-011
  1.908912835169060E-011
  2.294625355944832E-011
  2.758171449365417E-011
  3.315420955666364E-011
  3.985321390487459E-011
  4.790652161637317E-011
  5.758799574778027E-011
  6.922688590390046E-011
  8.321903036762687E-011
  1.000403239645323E-010
  1.202629099341170E-010
  1.445746467712664E-010
