  1.050454336796781E-006
  1.151800276341721E-006
  1.262923889320392E-006
  1.384768508028159E-006
  1.518368475758605E-006
  1.664857927380474E-006
  1.825480417048823E-006
  2.001599474780403E-006
  2.194710181508363E-006
  2.406451860877372E-006
  2.638621995520232E-006
  2.893191485951755E-006
  3.172321381613202E-006
  3.478381226097700E-006
  3.813969172289927E-006
  4.181934038178176E-006
  4.585399490571393E-006
  5.027790562017600E-006
  5.512862726026788E-006
  6.044733777418856E-006
  6.627918788430009E-006
  7.267368437321261E-006
  7.968511034861931E-006
  8.737298605452476E-006
  9.580257414070897E-006
  1.050454336796784E-005
  1.151800276341723E-005
  1.262923889320394E-005
  1.384768508028162E-005
  1.518368475758609E-005
  1.664857927380476E-005
  1.825480417048827E-005
  2.001599474780406E-005
  2.194710181508367E-005
  2.406451860877377E-005
  2.638621995520237E-005
  2.893191485951762E-005
  3.172321381613208E-005
  3.478381226097707E-005
  3.813969172289934E-005
  4.181934038178183E-005
  4.585399490571400E-005
  5.027790562017609E-005
  5.512862726026799E-005
  6.044733777418866E-005
  6.627918788430021E-005
  7.267368437321272E-005
  7.968511034861948E-005
  8.737298605452491E-005
  9.580257414070917E-005
  1.050454336796785E-004
  1.151800276341725E-004
  1.262923889320397E-004
  1.384768508028164E-004
  1.518368475758611E-004
  1.664857927380479E-004
  1.825480417048830E-004
  2.001599474780410E-004
  2.194710181508371E-004
  2.406451860877382E-004
  2.638621995520242E-004
  2.893191485951766E-004
  3.172321381613213E-004
  3.478381226097713E-004
  3.813969172289941E-004
  4.181934038178192E-004
  4.585399490571409E-004
  5.027790562017617E-004
  5.512862726026809E-004
  6.044733777418877E-004
  6.627918788430032E-004
  7.267368437321287E-004
  7.968511034861961E-004
  8.737298605452509E-004
  9.580257414070932E-004
  1.050454336796787E-003
  1.151800276341727E-003
  1.262923889320399E-003
  1.384768508028167E-003
  1.518368475758614E-003
  1.664857927380483E-003
  1.825480417048833E-003
  2.001599474780414E-003
  2.194710181508375E-003
  2.406451860877385E-003
  2.638621995520246E-003
  2.893191485951771E-003
  3.172321381613219E-003
  3.478381226097719E-003
  3.813969172289947E-003
  4.181934038178198E-003
  4.585399490571417E-003
  5.027790562017628E-003
  5.512862726026819E-003
  6.044733777418887E-003
  6.627918788430043E-003
  7.267368437321300E-003
  7.968511034861975E-003
  8.737298605452524E-003
  9.580257414070951E-003
