  1.000000000000000E-006  1.096478196143185E-006  1.202264434617413E-006
  1.318256738556407E-006  1.445439770745928E-006  1.584893192461114E-006
  1.737800828749376E-006  1.905460717963248E-006  2.089296130854040E-006
  2.290867652767774E-006  2.511886431509582E-006  2.754228703338168E-006
  3.019951720402018E-006  3.311311214825914E-006  3.630780547701017E-006
  3.981071705534977E-006  4.365158322401664E-006  4.786300923226389E-006
  5.248074602497732E-006  5.754399373371577E-006  6.309573444801941E-006
  6.918309709189375E-006  7.585775750291849E-006  8.317637711026723E-006
  9.120108393559112E-006  1.000000000000002E-005  1.096478196143187E-005
  1.202264434617415E-005  1.318256738556410E-005  1.445439770745931E-005
  1.584893192461117E-005  1.737800828749379E-005  1.905460717963251E-005
  2.089296130854044E-005  2.290867652767779E-005  2.511886431509586E-005
  2.754228703338173E-005  3.019951720402024E-005  3.311311214825920E-005
  3.630780547701023E-005  3.981071705534984E-005  4.365158322401672E-005
  4.786300923226397E-005  5.248074602497742E-005  5.754399373371587E-005
  6.309573444801952E-005  6.918309709189387E-005  7.585775750291863E-005
  8.317637711026737E-005  9.120108393559128E-005  1.000000000000004E-004
  1.096478196143189E-004  1.202264434617417E-004  1.318256738556412E-004
  1.445439770745933E-004  1.584893192461120E-004  1.737800828749382E-004
  1.905460717963255E-004  2.089296130854048E-004  2.290867652767783E-004
  2.511886431509591E-004  2.754228703338179E-004  3.019951720402029E-004
  3.311311214825926E-004  3.630780547701030E-004  3.981071705534991E-004
  4.365158322401680E-004  4.786300923226406E-004  5.248074602497751E-004
  5.754399373371598E-004  6.309573444801963E-004  6.918309709189400E-004
  7.585775750291876E-004  8.317637711026752E-004  9.120108393559145E-004
  1.000000000000005E-003  1.096478196143191E-003  1.202264434617420E-003
  1.318256738556414E-003  1.445439770745936E-003  1.584893192461122E-003
  1.737800828749385E-003  1.905460717963258E-003  2.089296130854052E-003
  2.290867652767787E-003  2.511886431509595E-003  2.754228703338183E-003
  3.019951720402035E-003  3.311311214825931E-003  3.630780547701037E-003
  3.981071705534998E-003  4.365158322401688E-003  4.786300923226415E-003
  5.248074602497760E-003  5.754399373371607E-003  6.309573444801975E-003
  6.918309709189412E-003  7.585775750291890E-003  8.317637711026768E-003
  9.120108393559161E-003  1.000000000000007E-002
